100  81 100 100  81 100 100  81 100  95
 99  82 100  99  82 100  99  82 100  94
 98  83 100  98  83 100  98  83 100  93
 97  84 100  97  84 100  97  84 100  92
 96  85 100  96  85 100  96  85 100  91
 95  86 100  95  86 100  95  86 100  90
 94  87 100  94  87 100  94  87 100  89
 93  88 100  93  88 100  93  88 100  88
 92  89 100  92  89 100  92  89 100  87
 91  90 100  91  90 100  91  90 100  86
 90  91 100  90  91 100  90  91 100  85
 89  92 100  89  92 100  89  92 100  84
 88  93 100  88  93 100  88  93 100  83
 87  94 100  87  94 100  87  94 100  82
 86  95 100  86  95 100  86  95 100  81
 85  96 100  85  96 100  85  96 100  89
 84  97 100  84  97 100  84  97 100  90
 83  98 100  83  98 100  83  98 100  91
 82  99 100  82  99 100  82  99 100  92
 81 100 100  81 100 100  81 100 100  93
EOF
